1
2
3
4
6
9
10
11
12
13
14
15
16
17
18
20
21
22
23
24
26
27
28
29
30
32
33
34
35
36
37
38
39
40
41
42
135
136
137
139
140
141
142
143
145
148
149
152
153
154
156
167
171
187
238
241
242
245
246
247
248
249
250
284
288
290
295
348
350
351
395
431
433
436
437
441
442
443
445
446
530
531
538
643
692
693
694
720
729
734
735
736
737
738
741
774
775
776
794
796
797
798
799
800
801
805
864
884
889
890
970
975
976
1050
1054
1055
1058
1060
1061
1080
1081
1094
1095
1127
1140
1149
1152
1160
1162
1165
1168
1169
1170
1174
1175
1176
1178
1187
1204
1221
1223
1228
1233
1246
1251
1255
1259
1264
1276
1283
1298
1304
1309
1376
1378
1380
1434
1455
1470
3223
4195
4234
4416
4459
4490
4844
4970
4973
5026
5047
5095
5146
5189
5250
5303
5407
5444
5513
5582
5591
5679
5723
5755
5812
5822
5860
5940
5945
5998
6057
6059
6113
6114
6115
6116
6117
